,Index,Mean,Stddev
0,1.0,-7043.9340410269,1997.0313352410556
1,2.0,-7695.519136092073,2016.9174752227664
2,3.0,-8124.511707088085,2136.407064814863
3,4.0,-8785.979352093504,2313.2468781244697
4,5.0,-9367.963497565755,2442.291043716447
5,6.0,-9820.310666140893,2444.5880451548305
6,7.0,-10391.131902060692,2438.0091046678835
7,8.0,-10747.151872750159,2372.640081235529
8,9.0,-11060.834885192513,2286.369730048672
9,10.0,-11183.228826187522,2233.7431226836507
10,11.0,-10675.586096371067,2255.1623069957673
11,12.0,-9492.732693822256,2247.161414478925
12,13.0,-6591.170003757603,2405.1171316618775
13,14.0,-4031.799413337242,2687.591256641926
14,15.0,-1251.0247405120583,2998.1319368660133
15,16.0,547.8334824406297,3118.9769051394032
16,17.0,2301.1665234809648,2971.2342675928994
17,18.0,3100.3092893643693,2778.228981621984
18,19.0,3907.3552636198983,2646.182126207839
19,20.0,4453.711350176981,2478.9119026115195
20,21.0,4655.512870369803,2372.1869238302024
21,22.0,5019.028072242863,2391.279968648627
22,23.0,5344.520514357023,2368.5795611132603
23,24.0,5634.551787800828,2369.003714925425
24,25.0,5901.286726266483,2349.8512288988904
25,26.0,5869.432004787592,2290.128774521091
26,27.0,5683.501215954478,2259.7206171918174
27,28.0,5434.516831380846,2174.1679830295593
28,29.0,5247.270879906076,2074.5262547073603
29,30.0,5005.804339059278,1981.2490100487262
30,31.0,5070.513000655848,1936.4836235551622
31,32.0,5523.775440991376,2021.318443643998
32,33.0,6620.7034476845265,2173.8889148970147
33,34.0,7407.593228222661,2392.064061763488
34,35.0,8198.907670494584,2473.132439918115
35,36.0,8328.270463351466,2543.6338759977516
36,37.0,8288.777462268634,2626.4915599440524
37,38.0,8110.5110817554405,2710.47051186588
38,39.0,7755.830108965144,2688.0954600401687
39,40.0,7171.491294745858,2589.132158027692
40,41.0,6291.383586113026,2408.7687860741903
41,42.0,5293.673504416675,2318.1914052908037
42,43.0,4062.1720997839175,2252.888066328985
43,44.0,2599.8009682299844,2237.5763758370204
44,45.0,680.8413041405335,2355.0242527347314
45,46.0,-1086.0899289688487,2334.8971518135577
46,47.0,-2827.560417257928,2163.0733941101557
47,48.0,-4369.685669090665,2157.5942351172002
48,49.0,-5541.083213304606,1993.5996111559186
49,50.0,-6185.058065718686,2068.9255288629665
50,51.0,-6645.341722992062,2163.371094476848
51,52.0,-7187.417458342045,2364.3421394114175
52,53.0,-7796.324679251614,2515.6345036423795
53,54.0,-8260.703397137453,2558.69274564984
54,55.0,-8825.812871190537,2565.061249843159
55,56.0,-9105.751629747254,2460.721943928784
56,57.0,-9445.60925489509,2354.129392073097
57,58.0,-9502.022729600447,2260.4299825182297
58,59.0,-8968.342885045584,2196.7514864228365
59,60.0,-7832.095951892972,2061.312428604437
60,61.0,-5077.9179300902615,1953.073556247258
61,62.0,-2484.953286653067,1983.9241161998664
62,63.0,344.4301485682997,2157.8820386524203
63,64.0,1902.5693399585696,2247.316607927643
64,65.0,3287.673928546402,2247.6606716764436
65,66.0,3722.3190806090765,2269.582210487773
66,67.0,4330.619705398589,2346.180337844866
67,68.0,4716.23929446644,2327.8703778529675
68,69.0,4802.98526902587,2282.3823873194724
69,70.0,5175.3032903784415,2241.1048961578567
70,71.0,5594.4460081008665,2128.506491590195
71,72.0,5979.352778987998,2063.761289745027
72,73.0,6301.444639788234,2024.4704258070144
73,74.0,6400.999393142162,2055.6224521655968
74,75.0,6303.735880101535,2025.3276992314586
75,76.0,6160.225436376984,1963.1135796937876
76,77.0,5966.815830292408,1890.773083531272
77,78.0,5758.297029667923,1833.9086608483276
78,79.0,5800.8024444975,1839.1375891601494
79,80.0,6200.788004959177,1824.5590822590952
80,81.0,7200.070600461181,1938.9763670633731
81,82.0,7932.073579175695,2135.8811397209265
82,83.0,8589.221312665248,2222.565785166189
83,84.0,8654.743397422357,2245.167587962826
84,85.0,8562.47915067819,2271.0070488450574
85,86.0,8346.356449163983,2379.4864956499237
86,87.0,8062.64969711024,2396.381632320017
87,88.0,7468.594398639296,2364.1895109949824
88,89.0,6619.312794298182,2281.4950597317147
89,90.0,5578.176475412717,2262.7704371424406
90,91.0,4312.673679326495,2272.69206650064
91,92.0,2802.433119304168,2293.632499687815
92,93.0,969.4532876782968,2345.7696629302473
93,94.0,-837.2016825609788,2326.5680384022344
94,95.0,-2652.528635601043,2276.8527230143554
95,96.0,-4235.425911798155,2318.7430951042056
96,97.0,-5467.201243821653,2189.717489662716
97,98.0,-6168.066434518937,2307.057366125542
98,99.0,-6697.862090954804,2425.9646653812806
99,100.0,-7325.470396605115,2629.6165721810326
100,101.0,-8000.470053654156,2771.7703681026683
101,102.0,-8508.927097225562,2746.9597472055034
102,103.0,-9113.333770120831,2743.333403312028
103,104.0,-9467.385388010827,2676.2033421476153
104,105.0,-9709.68912547895,2535.7498162430047
105,106.0,-9707.731271752202,2451.113224070914
106,107.0,-9053.966327233842,2382.5067836332582
107,108.0,-7812.700981108574,2269.884543094842
108,109.0,-4925.324307829052,2108.958081596516
109,110.0,-2236.546605054115,1992.3408944994223
110,111.0,647.5998276753475,2030.9687216896396
111,112.0,2322.2388412999544,1952.3184389851203
112,113.0,3681.65942232007,1903.5858071647206
113,114.0,4182.153456021482,1916.7685538183644
114,115.0,4744.330021509798,1953.5219043721952
115,116.0,5136.513209610368,1980.1794636416132
116,117.0,5106.282846976652,2035.8926564816009
117,118.0,5363.220979182583,2085.9218968427917
118,119.0,5557.268142419402,2054.2666288184123
119,120.0,5737.5303507287435,2046.5910106324782
120,121.0,5963.691202319782,2091.866907500766
121,122.0,5932.728514832468,2118.309442056039
122,123.0,5792.448977990523,2089.569239783584
123,124.0,5673.696263682547,2001.8071075823464
124,125.0,5595.768871059078,1889.9371458992189
125,126.0,5395.963013531746,1867.911069224633
126,127.0,5577.579509507696,1778.0754244590184
127,128.0,6034.762032839442,1702.7090378440712
128,129.0,7048.029261460828,1794.048381248562
129,130.0,7824.127231741018,1949.5205673814442
130,131.0,8498.247598528795,1937.0474464640322
131,132.0,8582.556696914828,1907.5590528012813
132,133.0,8567.75100690686,1986.6447937500632
133,134.0,8372.781016399282,2100.4663782494636
134,135.0,8021.248551453399,2119.6125360144183
135,136.0,7458.509964638752,2080.819222334025
136,137.0,6672.906642003494,2008.6470173198097
137,138.0,5611.302230713388,1965.420505848563
138,139.0,4348.632462435504,1969.3188833727022
139,140.0,2865.8619436285353,2012.1865616404452
140,141.0,1060.084063817586,2114.1485436048583
141,142.0,-721.2378905829961,2123.3361558408806
142,143.0,-2514.3837224684107,2041.0294258951205
143,144.0,-4049.680979025807,1984.0111197293813
144,145.0,-5230.696522216167,1824.5010609342842
145,146.0,-5894.196585516595,1886.4411919902896
146,147.0,-6412.953015253818,1984.607859270106
147,148.0,-7053.328939672773,2227.577123183031
148,149.0,-7777.5579295587,2443.2719687273293
149,150.0,-8338.987724761731,2563.028631818089
150,151.0,-9014.775000833895,2644.1943241609097
151,152.0,-9456.493096014492,2665.274620879737
152,153.0,-9817.788605135765,2611.681409839841
153,154.0,-9924.872284196637,2515.3271403205226
154,155.0,-9427.155473216884,2485.192915303859
155,156.0,-8249.086860976071,2323.201415690532
156,157.0,-5344.307206898876,2113.895525592474
157,158.0,-2591.8808599144672,1914.1144665440474
158,159.0,417.8455554217,1959.191527845517
159,160.0,2123.6540035834805,1983.9986032947104
160,161.0,3531.524734933556,1868.176613636026
161,162.0,4139.830982965045,1856.6175246036335
162,163.0,4771.678574169561,2051.4888333810572
163,164.0,5215.717911932531,2068.4410276647295
164,165.0,5227.3028387470795,2186.1077534513665
165,166.0,5441.07298785465,2152.3239123142034
166,167.0,5631.920198021225,2163.0427312786287
167,168.0,5815.063934802532,2159.826266959532
168,169.0,5984.664243520819,2191.0141493925776
169,170.0,5909.848519984114,2156.5185159081066
170,171.0,5770.78026326417,2026.2065453727068
171,172.0,5554.551115770672,1915.7284327376556
172,173.0,5452.974118935357,1789.8120556258377
173,174.0,5276.022370848096,1808.4090324175431
174,175.0,5333.547599166012,1799.1412758169595
175,176.0,5740.569216990029,1775.5360708624892
176,177.0,6724.48658899162,1812.945315420257
177,178.0,7420.523252765863,1873.0014755551238
178,179.0,8036.239732643994,1877.4842483140815
179,180.0,8141.032547487403,1918.2487530151614
180,181.0,8157.319927848353,1976.672287204095
181,182.0,7971.714307122494,2061.1967752636015
182,183.0,7672.9064169920375,2104.17567133861
183,184.0,7139.84847019812,2051.5381130146866
184,185.0,6290.569931522779,1956.2961696140062
185,186.0,5281.474519787688,1883.9945440412223
186,187.0,4045.8296501199193,1935.9410038863748
187,188.0,2604.779885776493,1985.601427513656
188,189.0,809.9916094027193,2061.357207562453
189,190.0,-895.9296415465747,2035.9902025256697
190,191.0,-2554.052953997914,1953.4342073996945
191,192.0,-4003.7556460738597,1913.8769234114493
192,193.0,-5173.079024383827,1728.9986156130497
193,194.0,-5795.503982702216,1776.9770797326573
194,195.0,-6223.679386934458,1867.0035548731125
195,196.0,-6801.364917131095,1998.4633581643832
196,197.0,-7418.876224706998,2038.3093133464486
197,198.0,-7933.415911047051,2075.9826356688986
198,199.0,-8555.852296299696,2114.0389311886142
199,200.0,-8972.678577598213,2164.462158607906
200,201.0,-9376.612244619015,2207.1746337870086
201,202.0,-9497.897899816599,2204.9138058044614
202,203.0,-8971.899232456264,2169.139834101163
203,204.0,-7892.111020016102,2063.6941340037206
204,205.0,-5180.644991308357,1965.7806390999194
205,206.0,-2724.584436960662,2033.6534646588898
206,207.0,74.5501181222562,2136.306057909191
207,208.0,1728.8197950508008,2188.2734193313277
208,209.0,3122.873137844324,2178.9903774356794
209,210.0,3577.0994273714973,2189.950643352404
210,211.0,4162.221081233592,2257.872446615652
211,212.0,4626.246270117914,2283.746889112702
212,213.0,4692.197787360708,2369.9920342293626
213,214.0,4959.374886368107,2357.3470968655142
214,215.0,5194.4157836996255,2398.535978524567
215,216.0,5372.363900335822,2386.53169312668
216,217.0,5522.1743824958385,2394.6882575183276
217,218.0,5400.129048792212,2347.0158333645027
218,219.0,5138.268132123574,2239.834497522871
219,220.0,4932.767970850276,2094.0135774537794
220,221.0,4737.773323367,1944.6168028698658
221,222.0,4518.751531674506,1867.4396959500789
222,223.0,4432.2333167884335,1807.2662484507168
223,224.0,4655.043338518907,1839.3500156615937
224,225.0,5459.559079766432,1904.0429643394064
225,226.0,6188.646753568894,2112.7765534059768
226,227.0,6899.525943002276,2204.531577097263
227,228.0,6968.439801392046,2273.162771390472
228,229.0,6867.358825070118,2268.7102840827815
229,230.0,6548.781620531114,2302.621977525833
230,231.0,6081.219701756108,2294.3787561226504
231,232.0,5390.195569481076,2174.2522646538255
232,233.0,4485.287561945621,2111.1235462156137
233,234.0,3453.6013056645543,2049.144726958344
234,235.0,2334.602531576982,2060.7708294529866
235,236.0,1095.010684474646,2071.0494286351704
236,237.0,-443.001861111038,2088.958856486492
237,238.0,-1911.9333704034407,2074.2421951123833
238,239.0,-3376.1810766213744,1989.7447434211952
239,240.0,-4787.665938269501,2017.9076994401012
240,241.0,-5948.471341343927,1990.64746361707
241,242.0,-6648.813283612952,2127.0976574660226
242,243.0,-7199.161659375553,2292.9018429587068
243,244.0,-7890.3732091779875,2463.22562845727
244,245.0,-8553.6022257938,2474.0759911846694
245,246.0,-8985.422119729898,2471.5218515458005
246,247.0,-9617.134538347087,2354.29773430947
247,248.0,-9950.022687988134,2354.8762582896898
248,249.0,-10306.067416780847,2315.5015836875086
249,250.0,-10594.757720754833,2196.986433643321
250,251.0,-10341.184315450319,2157.016295388484
251,252.0,-9776.969880959974,2131.7664523060675
252,253.0,-8153.873296361733,2064.6909635782176
253,254.0,-6814.944377976328,1963.2216236621164
254,255.0,-5055.71105805941,1867.1221642975047
255,256.0,-3771.318759503797,1837.685613214262
256,257.0,-1981.6881630473847,1911.6713066024247
257,258.0,-892.789603959501,1951.6430527687874
258,259.0,270.05551893359853,2053.896135527741
259,260.0,734.2123993604855,2185.689727320721
260,261.0,1104.1400389427545,2326.0194056190926
261,262.0,1344.4513287641657,2343.012855805133
262,263.0,1497.2354544226507,2405.184107314898
263,264.0,1625.662959550293,2381.215315101939
264,265.0,1651.199027911215,2346.8788613036604
265,266.0,1574.7489611635451,2272.6392210437866
266,267.0,1266.6759769144937,2191.0075180853582
267,268.0,983.4994346723947,2095.0254564171332
268,269.0,776.5160378402884,1982.4139117336654
269,270.0,657.0589212076517,1934.7546423269887
270,271.0,736.6041577065255,1898.235809845024
271,272.0,980.199919767561,2014.0987097173452
272,273.0,1867.410359164971,2245.6860072781124
273,274.0,2765.733417233944,2543.4493788257564
274,275.0,3860.4494679094123,2607.610171013968
275,276.0,4230.972639799965,2628.539161711871
276,277.0,4288.433784662793,2570.0103311131707
277,278.0,4046.3410185117295,2564.9546686279173
278,279.0,3542.145744221377,2465.602909454857
279,280.0,2913.458480421221,2389.0408207743326
280,281.0,2267.5192078529917,2337.803658179908
281,282.0,1465.8894744475729,2231.3532527638667
282,283.0,596.5598851084177,2244.6519848494745
283,284.0,-348.46977361220013,2188.139516377779
284,285.0,-1597.0651359425794,2239.233079507423
285,286.0,-2788.5805155369535,2284.5520093773202
286,287.0,-4270.3559203319055,2156.353168856656
287,288.0,-5523.370752233924,2131.6279271602893
288,289.0,-6670.193428209576,2060.911987975413
289,290.0,-7357.131057671044,2173.7785652482667
290,291.0,-8015.666891605053,2305.547581844302
291,292.0,-8841.400235711351,2512.7903119731423
292,293.0,-9641.847918283642,2722.4278570033816
293,294.0,-10262.069497564347,2722.263609322065
294,295.0,-11046.716131404633,2741.829292404642
295,296.0,-11512.594896059178,2701.7744115295473
296,297.0,-12021.114278131663,2609.3930504897103
297,298.0,-12413.846260234759,2506.0325075398914
298,299.0,-12367.65854768223,2447.604451430486
299,300.0,-12048.233888190207,2331.6707452894784
300,301.0,-10966.778314050356,2223.8195467683654
301,302.0,-9933.320528205772,2205.2446232658313
302,303.0,-8371.586631590135,2051.6775773638233
303,304.0,-6911.131411456965,1995.192009454461
304,305.0,-4804.773412909042,1963.0350143038586
305,306.0,-3404.6855588698572,1952.8560033606448
306,307.0,-1849.1034215751072,1906.4794379652365
307,308.0,-817.7552820886418,1820.2670266897046
308,309.0,-47.457123901325,1907.3015943901823
309,310.0,526.5251844518895,1940.1118390902452
310,311.0,980.5907586907169,2015.624193539491
311,312.0,1378.312849153635,2070.3130596991946
312,313.0,1721.3374603210448,2137.4015567440156
313,314.0,1756.1054372366614,2120.900889113562
314,315.0,1556.1479482256632,2080.12418638575
315,316.0,1288.0804706315387,1943.9310601953605
316,317.0,1216.012295817747,1811.4408014098258
317,318.0,1137.256316452714,1752.6687895879106
318,319.0,1416.7686607691292,1725.8563231838752
319,320.0,1856.7072490482494,1831.0063337039858
320,321.0,2841.661097655903,2065.0817091359368
321,322.0,3781.1043133820053,2404.5261773961356
322,323.0,4616.631801586176,2583.561616970372
323,324.0,4875.530596390081,2602.2227744035144
324,325.0,4909.855757795744,2504.3412479108374
325,326.0,4679.293696095849,2468.044503561576
326,327.0,4325.04369701088,2344.749259132644
327,328.0,3814.3481633001797,2265.0593781648777
328,329.0,3275.2807713652937,2219.3871679371773
329,330.0,2482.501150712283,2076.038583593443
330,331.0,1568.8117075566906,2064.774970726715
331,332.0,357.4463557553436,2049.729735639781
332,333.0,-1129.301447898844,2199.401144810616
333,334.0,-2636.582433874717,2197.7265426497593
334,335.0,-4417.1593009598855,2155.7185370252473
335,336.0,-5847.5434088466,2165.7179374596653
